area: 0.9028, strategia: koło ruletki
x: [0, 11, 6, 9, 2, 15, 9, 3, 5, 5, 14, 8, 12, 12]
y: [5, 5, 0, 6, 1, 3, 0, 7, 2, 2, 7, 3, 0, 6]
alpha: [2, 2, 2, 1, 1, 0, 3, 3, 1, 2, 3, 0, 2, 3]

14  - number of sensors

4  4  4  4  0  4  v  4  4  >  4  4  v  4  4  4  4  4
4  4  <  4  4  4  4  4  4  4  4  4  4  4  4  4  4  4
4  4  4  4  4  v  4  4  4  4  4  4  4  4  4  4  4  0
4  0  4  4  4  4  4  4  ^  4  4  4  4  4  4  ^  0  0
1  1  1  1  1  1  1  1  1  1  1  1  1  1  1  1  1  1
v  0  0  0  0  4  4  4  4  0  0  v  0  4  4  4  4  4
4  4  0  0  4  4  4  4  4  <  4  4  >  4  4  4  4  4
4  4  4  >  4  4  4  4  4  4  4  4  4  4  >  4  4  4
4  4  4  4  4  4  4  4  4  4  4  4  4  4  4  4  4  4



area:  0.9076, strategia: pierwszy najlepszy
x:  [4, 1, 10, 8, 15, 5, 0, 6, 9, 2, 3, 0, 16, 9, 8, 17, 12, 6, 11, 3, 9, 15, 12, 9, 6, 9, 0, 15]
y:  [6, 8, 2, 9, 9, 4, 5, 10, 2, 2, 6, 6, 6, 6, 5, 2, 9, 4, 9, 2, 6, 8, 6, 1, 2, 7, 8, 2]
alpha:  [2, 2, 3, 1, 3, 2, 3, 1, 0, 1, 0, 3, 0, 0, 2, 1, 3, 0, 1, 0, 2, 0, 2, 2, 0, 3, 0, 0]
28  - number of sensors
4  4  4  4  4  4  4  4  4  4  4  4  4  1  4  4  4  4
4  4  4  4  4  4  4  4  4  v  4  4  4  1  4  4  4  0
4  4  <  ^  4  4  ^  4  4  ^  >  4  4  1  0  ^  4  <
4  4  4  0  0  4  4  4  4  4  4  4  4  0  0  4  4  0
4  4  4  4  4  v  ^  4  1  1  1  4  4  0  4  4  4  4
>  4  4  4  4  4  4  0  v  4  4  4  0  0  0  4  4  4
>  4  4  ^  v  4  4  4  4  v  4  4  v  1  1  1  ^  4
4  4  4  4  4  4  4  4  4  >  4  4  4  4  4  4  4  4
^  v  4  1  1  1  1  1  4  4  4  4  4  4  4  ^  4  4
4  4  4  0  4  4  4  4  <  4  4  <  >  4  4  >  4  4
4  4  4  4  4  4  <  4  0  4  4  0  0  4  4  0  4  4